0 0.36322737068965516 0.07575431034482764 0.02898706896551726 0.052083333333333336
0 0.4278825431034483 0.07485632183908049 0.0470096982758621 0.04626436781609193
0 0.2655711206896552 0.19069683908045978 0.05059267241379315 0.052083333333333336
0 0.2089978448275862 0.5660560344827588 0.07308728448275863 0.09163074712643678
0 0.33965517241379317 0.5076867816091954 0.04555495689655169 0.08969109195402301
0 0.19148706896551726 0.17902298850574722 0.02384159482758621 0.05402298850574709
0 0.7314655172413793 0.26271551724137937 0.02675107758620694 0.03954741379310344
0 0.66796875 0.2791666666666667 0.0359375 0.041666666666666664
0 0.7260775862068967 0.47284482758620694 0.04555495689655178 0.06461925287356311
0 0.8244073275862069 0.45757902298850583 0.045554956896551604 0.06655890804597699
0 0.6265625 0.9052083333333333 0.04375 0.06458333333333334
0 0.66328125 0.753125 0.0265625 0.03958333333333333
0 0.7140877016129032 0.747345430107527 0.021648185483870996 0.0353494623655914