0 0.17952586206896554 0.18275862068965518 0.02852909482758621 0.038218390804597685
0 0.24216056034482758 0.18275862068965518 0.04119073275862064 0.04342672413793102
0 0.07311422413793105 0.3219468390804598 0.04555495689655178 0.04820402298850581
0 0.15393318965517241 0.2994971264367816 0.03257004310344831 0.05402298850574709
0 0.13844288793103451 0.5805675287356322 0.05899784482758621 0.0795258620689656
0 0.2549568965517242 0.5383620689655173 0.04555495689655178 0.06461925287356322
0 0.9023706896551726 0.2779813218390805 0.05137392241379324 0.06939655172413796
0 0.7919181034482758 0.2779813218390805 0.04846443965517242 0.07327586206896548
0 0.042349137931034474 0.8813936781609196 0.04143318965517242 0.05563936781609193
0 0.3972790948275863 0.9244971264367817 0.0470096982758621 0.05402298850574721
0 0.48079202586206904 0.9119252873563218 0.03324353448275872 0.057902298850574734
0 0.7339978448275862 0.746551724137931 0.05641163793103451 0.06073994252873559