0 0.07421875 0.021875 0.0453125 0.04375
0 0.13585668103448278 0.252191091954023 0.05530711206896557 0.07280890804597699
0 0.2442887931034483 0.21267959770114947 0.03760775862068968 0.06655890804597699
0 0.5770474137931034 0.3390086206896552 0.044207974137931136 0.058656609195402255
0 0.6625808189655172 0.330028735632184 0.0375 0.049389367816091934
0 0.9366918103448277 0.21329022988505753 0.0408674568965516 0.0535560344827586
0 0.24851831896551727 0.6897629310344828 0.04523168103448274 0.06117097701149431
0 0.15625 0.6924568965517242 0.04129849137931032 0.0558189655172414
0 0.31182650862068967 0.8774425287356322 0.06112607758620694 0.08250718390804603
0 0.5937230603448276 0.9469827586206897 0.07667025862068966 0.10237068965517247
0 0.434375 0.9645833333333333 0.03125 0.06666666666666667