0 0.09760237068965516 0.3386853448275862 0.04714439655172411 0.0625
0 0.2671875 0.5083333333333333 0.059375 0.058333333333333334
0 0.36767241379310345 0.48415948275862064 0.04797952586206886 0.06436781609195398
0 0.2747306034482759 0.18423132183908048 0.02675107758620694 0.04820402298850569
0 0.3346713362068966 0.18602729885057473 0.03380926724137936 0.0446120689655172
0 0.21171875 0.6357758620689656 0.0318965517241379 0.041343390804597716
0 0.2743534482758621 0.6339798850574713 0.04051724137931032 0.03954741379310344
0 0.46171875 0.6322916666666667 0.0234375 0.07291666666666667
0 0.5421066810344828 0.6058189655172413 0.04140625 0.05477729885057473
0 0.6815193965517242 0.7099856321839081 0.04989224137931032 0.06659482758620688
0 0.8020743534482759 0.7441091954022989 0.07667025862068969 0.057902298850574616