0 0.025 0.06666666666666667 0.05 0.07083333333333333
0 0.11713362068965516 0.03602729885057479 0.04229525862068968 0.056429597701149345
0 0.6728987068965517 0.31652298850574717 0.04264547413793105 0.04626436781609193
0 0.7409213362068966 0.2967672413793103 0.03367456896551726 0.04568965517241376
0 0.49644396551724135 0.2850933908045977 0.027963362068965526 0.03703304597701151
0 0.77578125 0.4354166666666667 0.0390625 0.041666666666666664
0 0.86875 0.440625 0.05625 0.03125
0 0.31484375 0.471875 0.0390625 0.027083333333333334
0 0.39765625 0.4708333333333333 0.0421875 0.025
0 0.6591325431034483 0.5244971264367816 0.036153017241379336 0.05014367816091957
0 0.7271551724137931 0.527191091954023 0.03582974137931032 0.04773706896551723
0 0.5729256465517242 0.6493175287356323 0.04267241379310347 0.05682471264367817
0 0.6517241379310346 0.9546336206896553 0.047898706896551756 0.06447557471264366
0 0.52265625 0.9833333333333333 0.0640625 0.029166666666666667