0 0.34240301724137934 0.06896551724137936 0.02831357758620694 0.03746408045977011
0 0.2777478448275862 0.08512931034482764 0.03370150862068968 0.044755747126436776
0 0.0109375 0.13541666666666666 0.021875 0.05416666666666667
0 0.33701508620689663 0.27909482758620696 0.04555495689655178 0.06461925287356311
0 0.43534482758620696 0.2638290229885058 0.0478987068965516 0.06343390804597698
0 0.49375 0.023958333333333335 0.046875 0.04791666666666667
0 0.6442349137931035 0.13732040229885054 0.04832974137931032 0.0639008620689656
0 0.7580549568965518 0.15438218390804603 0.06290409482758612 0.06745689655172432
0 0.015625 0.6510416666666666 0.03125 0.06458333333333334
0 0.1282866379310345 0.9468031609195402 0.0639278017241379 0.08548850574712645
0 0.23133081896551727 0.8956178160919541 0.0311153017241379 0.0713362068965516
0 0.07103987068965516 0.6262212643678161 0.02607758620689653 0.056860632183908064
0 0.3862338362068966 0.5220545977011495 0.03324353448275872 0.044468390804597684
0 0.854296875 0.732638888888889 0.039453125 0.05347222222222226
0 0.5880208333333334 0.8003472222222222 0.044791666666666605 0.052083333333333336
0 0.658984375 0.7838541666666666 0.034765625 0.04635416666666667