0 0.05040409482758621 0.11408045977011495 0.03671875 0.049389367816091934
0 0.11910021551724145 0.10150862068965516 0.02920258620689662 0.03821839080459775
0 0.13795797413793115 0.2640445402298851 0.0389278017241379 0.05226293103448268
0 0.23628771551724145 0.2712284482758621 0.0446659482758621 0.059087643678160974
0 0.7122306034482759 0.24859913793103453 0.04824892241379306 0.06400862068965525
0 0.8051724137931036 0.21267959770114947 0.04407327586206886 0.058979885057471294
0 0.68671875 0.009375 0.0328125 0.01875
0 0.01796875 0.8895833333333333 0.0359375 0.058333333333333334
0 0.09824892241379315 0.8732758620689656 0.03949353448275854 0.05344827586206892
0 0.46796875 0.6520833333333333 0.0359375 0.07083333333333333
0 0.5522090517241379 0.6196120689655173 0.04129849137931032 0.055818965517241456