0 0.17257543103448278 0.2383620689655172 0.05129310344827589 0.06756465517241377
0 0.34903017241379314 0.16562500000000005 0.04620150862068968 0.06181752873563215
0 0.4392780172413794 0.19436063218390812 0.0622306034482758 0.06267959770114935
0 0.7673491379310345 0.15305316091954022 0.0639278017241379 0.08548850574712645
0 0.8703933189655173 0.1018678160919541 0.0311153017241379 0.0713362068965516
0 0.19420797413793106 0.9094468390804598 0.05269396551724146 0.07061781609195397
0 0.3060075431034483 0.9301005747126437 0.05452586206896548 0.07295258620689656
0 0.06961206896551726 0.7531968390804598 0.05719288793103452 0.052083333333333336
0 0.4528286637931035 0.5709051724137931 0.03289331896551726 0.043893678160919575
0 0.5947198275862069 0.625933908045977 0.04938038793103452 0.06623563218390807
0 0.7563577586206897 0.7435704022988505 0.04698275862068968 0.06181752873563227
0 0.8688308189655173 0.7579382183908047 0.05999461206896548 0.07043821839080451