0 0.146875 0.020833333333333332 0.0375 0.041666666666666664
0 0.23046875 0.027083333333333334 0.0453125 0.05416666666666667
0 0.4550646551724138 0.2099137931034483 0.03930495689655169 0.051760057471264415
0 0.5271282327586208 0.18656609195402302 0.03211206896551726 0.042097701149425265
0 0.6658674568965518 0.31048850574712644 0.05452586206896548 0.07295258620689656
0 0.02109375 0.68125 0.0421875 0.06666666666666667
0 0.09913793103448273 0.6661278735632185 0.034132543103448224 0.04612068965517236
0 0.03785021551724146 0.8663793103448276 0.05317887931034484 0.07086925287356323
0 0.5066810344827586 0.7099856321839081 0.0488146551724137 0.0651939655172414
0 0.5915409482758621 0.6938218390804598 0.03782327586206904 0.050897988505747095
0 0.5504579741379312 0.8949712643678162 0.05835129310344822 0.0784482758620688