0 0.020985991379310353 0.12909482758620694 0.03984375 0.052981321839080546
0 0.1044989224137931 0.1210129310344828 0.04119073275862069 0.04536637931034484
0 0.34695581896551725 0.2763649425287357 0.0487068965517242 0.06623563218390797
0 0.34296875 0.010416666666666666 0.0390625 0.020833333333333332
0 0.5260506465517242 0.11655890804597704 0.04097521551724137 0.05445402298850569
0 0.8924299568965518 0.12913074712643682 0.04991918103448274 0.05492097701149431
0 0.9658405172413793 0.11027298850574721 0.0349137931034484 0.04597701149425291
0 0.018220766129032295 0.5588373655913978 0.03623991935483861 0.035349462365591444
0 0.2903981854838708 0.7780913978494624 0.05226814516129039 0.06982526881720427
0 0.1215473790322581 0.47315188172043016 0.031552419354838615 0.0415994623655914
0 0.8974042338709678 0.5924395161290322 0.053175403225806404 0.07049731182795688
0 0.990625 0.6010416666666667 0.015625 0.06875