0 0.14383081896551725 0.2357399425287357 0.04119073275862064 0.03760775862068968
0 0.20983297413793106 0.21778017241379313 0.0311153017241379 0.04044540229885053
0 0.28324353448275874 0.4476652298850575 0.04555495689655178 0.07431752873563204
0 0.3889816810344827 0.45574712643678167 0.0462284482758621 0.06178160919540225
0 0.5984375 0.015625 0.05 0.03125
0 0.7171875 0.08836206896551732 0.06223060344827589 0.056860632183908064
0 0.31328125 0.5895833333333333 0.0578125 0.020833333333333332
0 0.4535290948275862 0.7114942528735633 0.0390625 0.07805316091954022
0 0.54140625 0.725 0.0140625 0.06666666666666667
0 0.56796875 0.7447916666666666 0.0359375 0.06458333333333334
0 0.8271282327586207 0.762859195402299 0.0470096982758621 0.057902298850574734
0 0.9220905172413794 0.755675287356322 0.04598599137931032 0.0612068965517242