0 0.37322198275862073 0.0935344827586207 0.03178879310344822 0.06178160919540225
0 0.45859375 0.09375 0.0171875 0.0625
0 0.5391433189655173 0.3367816091954024 0.04870689655172415 0.06623563218390795
0 0.6354525862068966 0.3026580459770115 0.04216056034482758 0.0557112068965516
0 0.5351023706896552 0.05571120689655175 0.0390625 0.048204022988505756
0 0.5990840517241379 0.04942528735632186 0.03257004310344822 0.04342672413793102
0 0.3606950431034483 0.5650502873563219 0.04275323275862082 0.05775862068965516
0 0.45234375 0.5552083333333333 0.0296875 0.05625
0 0.015625 0.4270833333333333 0.03125 0.0375
0 0.5767241379310345 0.5895474137931035 0.04164870689655169 0.05549568965517236
0 0.4945581896551724 0.5886494252873563 0.03547952586206895 0.056860632183908064
0 0.7531788793103449 0.4620330459770115 0.03838900862068968 0.051041666666666666