0 0.08033405172413799 0.5339798850574714 0.06088362068965516 0.08089080459770107
0 0.21099137931034484 0.49267241379310345 0.04846443965517242 0.060739942528735706
0 0.0493534482758621 0.15502873563218397 0.03760775862068968 0.05014367816091957
0 0.12411099137931036 0.1388649425287357 0.03615301724137927 0.05402298850574709
0 0.4487338362068966 0.03918821839080463 0.032462284482758716 0.04357040229885059
0 0.5943426724137931 0.28854166666666675 0.03760775862068968 0.07327586206896548
0 0.6845905172413793 0.3172772988505748 0.0622306034482758 0.06267959770114935
0 0.8462284482758621 0.08559626436781613 0.023841594827586122 0.052083333333333336
0 0.9068426724137932 0.1026580459770115 0.0393049568965516 0.051760057471264415
0 0.3462553879310345 0.8042385057471264 0.03324353448275872 0.05014367816091957
0 0.6594558189655173 0.6659841954022989 0.03949353448275872 0.05255028735632183
0 0.744989224137931 0.6659841954022989 0.04342672413793114 0.05596264367816097