0 0.20571120689655178 0.3061063218390805 0.04264547413793105 0.04626436781609193
0 0.2737338362068966 0.28635057471264364 0.03367456896551726 0.04568965517241376
0 0.02925646551724139 0.2746767241379311 0.027963362068965526 0.03703304597701151
0 0.3080818965517242 0.43002873563218397 0.02675107758620694 0.06461925287356322
0 0.40102370689655176 0.45068247126436783 0.0544181034482758 0.07205459770114947
0 0.8324892241379309 0.14709051724137936 0.02462284482758621 0.0482040229885058
0 0.895123922413793 0.14529454022988508 0.0431034482758621 0.05729166666666673
0 0.8513469827586206 0.5619612068965518 0.05471443965517242 0.07270114942528731
0 0.7301185344827587 0.6149425287356323 0.06648706896551726 0.0878951149425286
0 0.7610991379310346 0.2790948275862069 0.04846443965517242 0.05014367816091957
0 0.5957851890756303 0.9519782913165267 0.03281906512605026 0.0495098039215686
0 0.6660320378151262 0.9616071428571428 0.03741465336134446 0.050008753501400584