0 0.09765625 0.4375 0.0578125 0.0375
0 0.20891702586206903 0.4121048850574714 0.04956896551724146 0.0670258620689656
0 0.0109375 0.12291666666666666 0.021875 0.05416666666666667
0 0.07691271551724141 0.10409482758620688 0.03615301724137927 0.05014367816091957
0 0.403125 0.014583333333333334 0.034375 0.029166666666666667
0 0.16796875 0.48333333333333334 0.0578125 0.05
0 0.2695043103448276 0.6422054597701151 0.04216056034482758 0.05660919540229893
0 0.3880387931034483 0.6646551724137931 0.06179956896551726 0.08250718390804603
0 0.7828125 0.7463721264367816 0.04143318965517242 0.05578304597701151
0 0.7033405172413794 0.740984195402299 0.03477909482758612 0.04630028735632183
0 0.9558997844827587 0.6224497126436782 0.0407596982758621 0.05369971264367817