0 0.05 0.008333333333333333 0.034375 0.016666666666666666
0 0.05110452586206904 0.3604525862068966 0.04566271551724146 0.0616379310344828
0 0.7959321120689655 0.10994971264367823 0.04423491379310347 0.05862068965517236
0 0.8942618534482758 0.29403735632183914 0.05035021551724146 0.06792385057471269
0 0.9875 0.31145833333333334 0.021875 0.08125
0 0.09288793103448276 0.8219827586206897 0.038389008620689634 0.05298132183908043
0 0.18582974137931035 0.8049209770114943 0.04108297413793105 0.05520833333333333
0 0.4215517241379311 0.8408405172413793 0.04555495689655178 0.059841954022988496
0 0.513146551724138 0.8282686781609195 0.04442349137931032 0.0585129310344828
0 0.6961945564516129 0.5924731182795698 0.030292338709677402 0.04035618279569887
0 0.7585685483870968 0.5882728494623656 0.0271421370967742 0.0353494623655914
0 0.8719758064516128 0.5177083333333333 0.029662298387096796 0.03951612903225807