0 0.2376616379310345 0.243139367816092 0.03526400862068968 0.04744971264367817
0 0.94921875 0.34375 0.0546875 0.025
0 0.7187769396551724 0.2745689655172414 0.04657866379310347 0.06235632183908043
0 0.5860991379310345 0.1551364942528736 0.02966056034482758 0.044324712643678175
0 0.29226831896551725 0.8109913793103449 0.0516971982758621 0.06896551724137924
0 0.39396551724137935 0.8127873563218392 0.04342672413793096 0.057902298850574616
0 0.10840517241379315 0.5415948275862069 0.03235452586206895 0.043714080459770106
0 0.16699892241379316 0.5317169540229885 0.02820581896551726 0.03760775862068962
0 0.7570581896551725 0.5727370689655173 0.04555495689655178 0.03372844827586204
0 0.5577047413793104 0.7209051724137931 0.04703663793103443 0.06264367816091958
0 0.6358297413793104 0.6975574712643678 0.02966056034482758 0.05014367816091957