0 0.02265625 0.21666666666666667 0.0453125 0.05416666666666667
0 0.093292025862069 0.44137931034482764 0.06368534482758621 0.05790229885057485
0 0.19970366379310348 0.40276580459770117 0.0421875 0.05567528735632195
0 0.17882543103448273 0.07500000000000002 0.03426724137931032 0.0457974137931035
0 0.12090517241379314 0.07679597701149428 0.02575431034482758 0.0341594827586207
0 0.9022090517241381 0.4402298850574714 0.05932112068965516 0.0829741379310344
0 0.8712284482758621 0.06127873563218399 0.03760775862068968 0.05014367816091957
0 0.9459859913793103 0.045114942528735706 0.03849676724137927 0.050897988505747095
0 0.3707326680672269 0.8867296918767508 0.05491727941176468 0.05613620448179273
0 0.47643119747899154 0.6871498599439776 0.04641544117647065 0.04184173669467792
0 0.40552783613445376 0.6766456582633054 0.030724789915966434 0.04080007002801122
0 0.4593618697478991 0.8700980392156862 0.03803834033613427 0.0500525210084034
0 0.796875 0.6104166666666667 0.034375 0.0625
0 0.8959635416666668 0.6309027777777778 0.06888020833333339 0.0663194444444444