0 0.05290948275862073 0.3659841954022989 0.05137392241379306 0.052083333333333336
0 0.127667025862069 0.5913793103448276 0.05352909482758621 0.07144396551724151
0 0.23407866379310346 0.5527658045977012 0.0421875 0.05567528735632195
0 0.21320043103448275 0.22500000000000003 0.03973599137931032 0.03850574712643683
0 0.15528017241379316 0.2267959770114943 0.02575431034482758 0.0341594827586207
0 0.1583512931034483 0.951257183908046 0.03817349137931032 0.051329022988505814
0 0.23580280172413795 0.936889367816092 0.04119073275862073 0.04820402298850569
0 0.5610991379310345 0.8327227011494254 0.03526400862068968 0.04744971264367817
0 0.8097252155172413 0.961566091954023 0.0415409482758621 0.05459770114942527
0 0.7248653017241379 0.9561781609195402 0.03693426724137927 0.05402298850574721
0 0.9828125 0.8375 0.03125 0.05