0 0.04603987068965516 0.27647270114942535 0.05204741379310347 0.052083333333333454
0 0.19286099137931031 0.409375 0.04197198275862064 0.07715517241379312
0 0.30398706896551725 0.4291307471264368 0.04916487068965516 0.065625
0 0.5141163793103448 0.09148706896551725 0.03300107758620676 0.04479166666666667
0 0.69921875 0.32395833333333335 0.0390625 0.04791666666666667
0 0.7778556034482759 0.3160919540229885 0.04051724137931032 0.04626436781609193
0 0.934105603448276 0.2424568965517242 0.03817349137931032 0.050431034482758604
0 0.99296875 0.24270833333333333 0.0109375 0.03958333333333333
0 0.5678679435483871 0.8220430107526882 0.04188508064516139 0.04371639784946239
0 0.5036038306451613 0.811122311827957 0.029334677419354804 0.039112903225806524
0 0.665625 0.7041666666666667 0.025 0.041666666666666664
0 0.9736895161290322 0.6207325268817204 0.034702620967741994 0.046807795698924674