0 0.2578394396551724 0.25808189655172414 0.02820581896551726 0.04924568965517236
0 0.31912715517241386 0.2535919540229885 0.03873922413793096 0.05251436781609199
0 0.6780711206896551 0.16551724137931037 0.04668642241379306 0.0620689655172414
0 0.761584051724138 0.13767959770114946 0.03512931034482758 0.04762931034482764
0 0.15517241379310348 0.7110272988505747 0.06223060344827584 0.059841954022988614
0 0.2514816810344828 0.6849856321839081 0.04140625 0.05477729885057473
0 0.3908943965517242 0.7891522988505747 0.04989224137931032 0.06659482758620688
0 0.511449353448276 0.8232758620689656 0.06026400862068968 0.07977729885057462
0 0.8860183189655173 0.5543462643678161 0.04991918103448274 0.05492097701149431
0 0.79375 0.5570402298850575 0.04129849137931032 0.0558189655172414
0 0.9493265086206897 0.7420258620689656 0.06112607758620694 0.08250718390804603