0 0.18259698275862074 0.5516882183908047 0.05606142241379306 0.07478448275862064
0 0.28046875 0.5322916666666667 0.0140625 0.07291666666666667
0 0.08696120689655173 0.3146192528735633 0.05641163793103443 0.04924568965517236
0 0.6922683189655172 0.23056752873563227 0.03949353448275872 0.05255028735632183
0 0.777801724137931 0.23056752873563222 0.04264547413793114 0.05700431034482764
0 0.695635775862069 0.07521551724137933 0.03760775862068968 0.04238505747126435
0 0.3191540948275862 0.17938218390804603 0.04075969827586206 0.05459770114942527
0 0.13154633620689657 0.7774066091954024 0.04579741379310347 0.06145833333333333
0 0.271875 0.8979166666666667 0.03125 0.06666666666666667
0 0.6250756048387097 0.7724798387096773 0.029813508064516193 0.04015456989247313
0 0.6805191532258064 0.7707997311827958 0.029813508064516193 0.0411962365591398
0 0.5690020161290322 0.8665658602150538 0.04329637096774199 0.03534946236559134