0 0.16955818965517241 0.35628591954022987 0.03973599137931032 0.052083333333333336
0 0.24566271551724142 0.3374281609195402 0.03693426724137927 0.0491020114942529
0 0.6298387096774194 0.1945228494623656 0.0453377016129032 0.039112903225806406
0 0.5636844758064516 0.18696236559139787 0.031854838709677404 0.04307795698924733
0 0.54453125 0.128125 0.0109375 0.035416666666666666
0 0.320085685483871 0.8208669354838709 0.0439264112903226 0.04559811827956987
0 0.2608618951612903 0.8074260752688172 0.024294354838709786 0.03182123655913974
0 0.4221522177419355 0.6931787634408603 0.02746975806451619 0.036794354838709666
0 0.9063846982758621 0.9251077586206897 0.07454202586206904 0.07043821839080475
0 0.7817887931034483 0.6054238505747127 0.03817349137931032 0.051329022988505814
0 0.8592403017241379 0.5910560344827587 0.03884698275862073 0.051329022988505696