0 0.151008064516129 0.02278225806451613 0.0238407258064516 0.0324260752688172
0 0.09367439516129031 0.02950268817204303 0.03515625 0.04620295698924727
0 0.4640625 0.34791666666666665 0.046875 0.06666666666666667
0 0.51171875 0.31354166666666666 0.0453125 0.06875
0 0.5817618534482759 0.29224137931034483 0.028771551724137902 0.03879310344827592
0 0.63203125 0.6125 0.0609375 0.05
0 0.7386853448275862 0.5733117816091955 0.05075431034482758 0.06738505747126429
0 0.9070581896551724 0.18987068965517243 0.03547952586206904 0.0356681034482758
0 0.2764616935483871 0.8924395161290323 0.0541078629032258 0.071135752688172
0 0.3879788306451612 0.9 0.03923891129032242 0.052688172043010705
0 0.8260766806722689 0.949719887955182 0.04747899159663867 0.06326155462184874