0 0.1484375 0.013541666666666667 0.03125 0.027083333333333334
0 0.209375 0.0125 0.040625 0.025
0 0.15654633620689662 0.2972701149425288 0.06290409482758626 0.056860632183907946
0 0.2515086206896552 0.26224856321839085 0.04385775862068968 0.058225574712643655
0 0.11271551724137932 0.5422772988505747 0.026751077586206852 0.044324712643678175
0 0.17804418103448275 0.5431752873563218 0.03459051724137936 0.04655172413793102
0 0.21171875 0.814367816091954 0.04197198275862064 0.0674568965517242
0 0.11271551724137936 0.8484913793103449 0.05633081896551726 0.07532327586206904
0 0.60703125 0.7052083333333333 0.0140625 0.06041666666666667
0 0.6835129310344827 0.694683908045977 0.04420797413793096 0.058656609195402255
0 0.7953125 0.8069324712643678 0.03178879310344822 0.07327586206896536
0 0.8997036637931035 0.8554238505747127 0.06012931034482758 0.08085488505747142