0 0.05563038793103452 0.2635775862068966 0.0390625 0.056860632183908064
0 0.2546875 0.4239583333333333 0.053125 0.06458333333333334
0 0.34725215517241387 0.3910919540229886 0.04172952586206904 0.05524425287356311
0 0.2421875 0.13336925287356324 0.02887931034482758 0.04148706896551726
0 0.30616918103448276 0.13336925287356322 0.03537176724137936 0.04744971264367817
0 0.7259967672413794 0.26864224137931036 0.04197198275862073 0.05492097701149431
0 0.8108566810344827 0.2560704022988506 0.03636853448275863 0.04895833333333333
0 0.8364493534482758 0.13573994252873564 0.03133081896551726 0.04119971264367817
0 0.8970635775862069 0.1366379310344828 0.034375 0.04579741379310344
0 0.0667834051724138 0.9383261494252875 0.05509159482758617 0.0741379310344828
0 0.18599137931034485 0.9131824712643678 0.05002693965517242 0.06731321839080451
0 0.3294450431034483 0.5396192528735633 0.0311153017241379 0.04148706896551726
0 0.95234375 0.48333333333333334 0.0390625 0.05