0 0.33103448275862074 0.2875359195402299 0.04030172413793105 0.05341235632183915
0 0.3963631465517242 0.2722701149425288 0.0311153017241379 0.03954741379310344
0 0.050862068965517246 0.3270474137931034 0.03852370689655171 0.0508620689655172
0 0.8258534663865547 0.35968137254901966 0.04029017857142847 0.05471813725490193
0 0.9013524159663866 0.34830182072829136 0.030724789915966434 0.04759278711484593
0 0.0994959677419355 0.537768817204301 0.0398689516129032 0.05372983870967734
0 0.4000252016129032 0.5243279569892473 0.04957157258064519 0.04747983870967746
0 0.7473599137931035 0.873778735632184 0.0583243534482758 0.0775862068965516
0 0.8665678879310346 0.838757183908046 0.0470096982758621 0.06939655172413808
0 0.584375 0.6277298850574713 0.04568965517241379 0.06056034482758624
0 0.95546875 0.44633620689655173 0.0390625 0.039547413793103496