0 0.1973829440661496 0.3396678714949163 0.3013782696752748 0.5688329939976934
0 0.27397141911893763 0.38024586597139487 0.3168940823364498 0.5981181384769987
0 0.722527393450078 0.6178991399953948 0.5432284099641929 0.28781248619717575
0 0.8268897111044262 0.673192231369937 0.4142744574965471 0.2194902906273381
0 0.0690846238788203 0.27169304206640665 0.20046464599047253 0.37836472049664605
0 0.18943794181891555 0.3354584619580158 0.29713861168612954 0.5608308996526365
0 0.3636556817741581 0.4277622515913241 0.2936080852803246 0.15555900877439888
0 0.5143077370977739 0.5075805044626402 0.6372155099900688 0.3376085948555816
0 0.9823895644094051 0.7555789375180048 0.2009630783083396 0.10647396590611558
0 0.8670858284144822 0.6944977948965829 0.3605059045029475 0.19099895963403468
0 1.0615029342441529 0.7974946680761255 