0 0.6833872766223172 0.4384970648669542 0.16839367328216998 0.056474502241603386
0 0.5966964229895495 0.467570739146905 0.4818805553902647 0.16160918623095377
0 0.8143265867968101 0.39458370267327864 0.20781815207617005 0.6196648153374731
0 0.890181083725482 0.3691442376783216 0.17690109956706646 0.5274774417012638
0 0.7149933170092638 0.4278972877857222 0.03594766197929494 0.012055834862799764
0 0.9136598565843567 0.36127011756083505 0.164474801688008 0.4904251462033565
0 0.1896467439946914 0.6040837539222237 0.49679490958809847 0.16661104118880776
0 0.2747843833729763 0.575530979857672 0.5977535125301287 0.2004697180870021
0 0.1968709817974219 0.6016609477322279 0.5059202200612329 0.16967141368811633
0 0.06502864189758806 0.6458771606996528 0.330619353102797 0.11088043294022243
0 0.33030255262312497 0.5569116163833608 0.6518134025987881 0.21859989831357218
0 0.2810694649526295 0.5734231331830851 0.6044704344430405 0.20272238597582282
0 0.21294724130778908 0.596269422409103 