0 0.04776994307304511 0.38222243142356377 0.1170775185101407 0.44954207749964037
0 0.15192369415886353 0.40934795166067717 0.15769338219924323 0.6054946461446609
0 0.6776923053637449 0.5462777017138069 0.6614390484445718 0.172263390489094
0 0.5871561443428149 0.5226987096721253 0.7140481860856467 0.18596477150382346
0 0.5609437705244403 0.5158720320532904 0.7157782076363315 0.18641533360508405
0 0.25377613198917487 0.43587412411978643 0.17048245726936484 0.6546008063151473
0 0.17272471164662784 0.4147653121967561 0.1632515122945949 0.6268361759436651
0 0.39346049470718025 0.4722531404126652 0.4683189104272848 0.1219677059134544
0 1.0561625965060424 0.6448454770891523 0.18091864361046084 0.047117960489805655
0 0.8856453934009417 0.6004364395328163 0.4168864827698548 0.10857278405302118
0 0.9916425737095176 0.6280420574732413 