0 1.1276474941707189 0.36502510949014466 0.027342719290341266 0.12714653208140925
0 0.9246518949047751 0.40867908570987715 0.10941961034810932 0.5088127427902065
0 0.7710084367447717 0.44171993927068387 0.14285188751863298 0.6642763620695853
0 0.48048262495131144 0.5041971896402091 0.707610065969523 0.15217075199846086
0 0.22455917907768086 0.559233235295191 0.5672074141810107 0.12197732015244866
0 0.11583548425156964 0.582614148757857 0.42845478834469647 0.09213872226425046
0 -0.10019652964613224 0.6290715913403245 0.12875719407799813 0.02768909034839062
0 -0.18158100624673612 0.6465732283528073 0.013748105892093632 0.0029565172271657225
0 0.4061654494473368 0.5201790149797717 0.7199965131086754 0.15483444358002618
0 0.4950173261310688 0.5010715184337569 0.6960712053439906 0.1496893329471548
0 0.27100536910964246 0.5492440202369101 0.6198622800312 0.13330086909684202
0 -0.154925440842129 0.6408409823838807 