0 0.29496231981269494 1.1456534601573298 0.056559632871220566 0.01796142455944527
0 0.33070928615770623 1.0330880405247038 0.27927747752934046 0.08868907185477604
0 0.4344908013529003 0.706285209333209 0.024690468732183724 0.07774905839393986
0 0.43278417215461074 0.7116593003094103 0.017481243520454215 0.055047566354859745
0 0.5111507472437503 0.4648868513597581 0.22187691907611373 0.6986793861483144
0 0.6679761479831546 -0.02894853799627839 0.06498311039908866 0.20462858359804553
0 0.6993988845283662 -0.1278971729959254 0.020674803368374017 0.06510392782765007
0 0.29377868977201 1.1493806523037504 0.049110037251303806 0.01559568519847443
0 0.4102818100556472 0.7825181192242661 0.6435185768816216 0.20435971353594484
0 0.33800672617598343 1.010108764745798 0.32351779558410426 0.10273829910198518
0 0.6701053429400624 -0.03565326704911009 0.061991647839426234 0.19520861673725826
0 0.7100086004044708 -0.1613038324239865 