0 1.0588348221355175 0.3929270137878753 0.05159859481902629 0.26930314558943735
0 0.9042993169456651 0.422536085928767 0.10466018268342325 0.546241961533289
0 1.1792827091395883 0.36984913809853104 0.005821086804199682 0.03038138734688156
0 1.0876465314790997 0.3874066848228862 0.0407684415980607 0.21277846967399994
0 0.6345543907794959 0.47421930283258235 0.3880846505895485 0.07435717396829905
0 0.9611743666070263 0.4116387962502906 0.0866711537401813 0.4523536757621036
0 0.8201466872547071 0.43865976410981306 0.12383339859484188 0.6463107250288975
0 0.6555083721634597 0.47020453244978766 0.311366387112093 0.05965792680070986
0 0.10718787561552956 0.5752628558170504 0.4211866126799362 0.08069957000358396
0 0.21757045402074165 0.55411361623412 0.5629611637177278 0.10786358864299594
0 -0.13322141052026792 0.6213254805948614 