0 0.3818885668211275 0.36511108027809114 0.1548670789755487 0.17686562952684615
0 0.4614242933627448 0.45594469546212724 0.40673383671915314 0.4645095430259808
0 0.5364674697001492 0.5416475988856639 0.4865936788625662 0.5557133117323126
0 0.6261930059548177 0.6441184633152909 0.4456112807561078 0.5089094481315601
0 0.532702761885268 0.5373481220564487 0.48577844973419076 0.5547822809803119
0 0.5923106356208868 0.6054231718523546 0.4719125180292338 0.5389467221501447
0 0.3702179725949956 0.35178270210752416 0.10726963127191469 0.12250706211754225
0 0.45560154251548185 0.44929484472030956 0.3940584827788295 0.4500336812734278
0 0.048736767793336355 -0.015363330837185218 0.03324585270179614 0.029110771710019634
0 0.5714792523785444 0.5816327333973645 0.4824764299969231 0.5510112161200126
0 0.49493019347595996 0.49421003786999035 0.46041542499576205 0.5258164906603733
0 0.7358714936283567 0.7693765549397582 