0 -0.19677057568740386 0.523390988613512 0.0006672381585874909 0.019875685814138455
0 0.04147705862026296 0.5153928753559327 0.01608482227869995 0.4791346549790194
0 0.1852176418878687 0.5105674224022169 0.022339257295519943 0.6654417531830883
0 0.1319098759078295 0.5123569943585617 0.020655002098138753 0.6152711626156987
0 0.04623668058276653 0.5152330921455447 0.016359482076319543 0.48731622050016066
0 1.0817781117207277 0.4804693786278612 0.176449617669858 0.0059235138011223265
0 0.7562199694854885 0.4913985502183964 0.6093161046743573 0.02045508742352592
0 0.024913574190750742 0.5159489209280828 0.015108947885225266 0.4500653104305533
0 0.18674072091586985 0.5105162917748928 0.022371118118545308 0.666390823317843
0 1.1724774752776477 0.4774245634794486 0.04840640704922283 0.0016250400559598699
0 1.0234061821314302 0.48242909657317756 