0 0.11741372063640698 0.6638277337183512 0.21620979972850807 0.5049139175805598
0 0.20584564624910118 0.6259601918253783 0.26077343688229465 0.6089832088208781
0 -0.11198394778464182 0.7620583869456674 0.03255786876302169 0.07603226627957271
0 0.2504993908654123 0.6068389578002137 0.2675030151149206 0.62469876710439
0 0.37132717041543023 0.5550991480850624 0.35358414240273667 0.15140869354997433
0 0.9322482478858901 0.314906454636407 0.30606456709575347 0.13106027869633285
0 1.0136756645391636 0.2800383220022832 0.1924455530957382 0.08240734320188914
0 0.9567640292438649 0.30440852223043424 0.27206114694357997 0.11649963299970723
0 0.7991625776568853 0.37189523055454443 0.4839037812794703 0.20721302383511542
0 0.8394385041735579 0.35464862731616065 0.431807669672593 0.18490488483365913
0 0.624524276715158 0.4466773087600108 0.6611265911104252 0.28310181771998716
0 0.7158477695768576 0.4075715653557689 