0 0.3311513117248667 0.16964722962593137 0.5452294584199717 0.2786756677079767
0 0.7891304010687388 1.065684174225631 0.046205144560136135 0.09040044370614048
0 0.6408112751573587 0.7754975198406053 0.2487273588421791 0.48663553682720595
0 0.5554159383577044 0.6084213857173469 0.3306904590468519 0.6469964937150702
0 0.366297778261496 0.2384113562996053 0.6020395654345196 0.3077122398527015
0 0.4317530871789973 0.3664747890539809 0.1585787890289977 0.3102596935365681
0 0.2479580475695896 0.00687945469732365 0.27044268672351424 0.13822766751785232
0 0.2856707089988785 0.08066434641673215 0.4079611205885203 0.2085155816935511
0 0.6654502139578273 0.8237036490972856 0.21720168502469783 0.4249554977940096
0 0.5371404693248445 0.5726653968105626 0.3364552891982274 0.6582753945504716
0 0.5874240178972296 0.6710452524364406 