0 -0.10448618643997065 0.25108129295825565 0.040613656937604325 0.0986281621472368
0 -0.020818449812257445 0.28553446209539324 0.10867126336467514 0.26390253407474795
0 0.24251474231075576 0.393971278642805 0.25867962296672986 0.6281900651631804
0 0.32970533100700417 0.4298751075330852 0.1991975373370306 0.0820266774528805
0 0.35260386945248356 0.43930439592851234 0.28939581621524535 0.11916902984968836
0 0.4816107147737505 0.49242759124089214 0.6322653181207244 0.2603577534646086
0 1.0417441910993575 0.7230824568382742 0.1583379037385828 0.06520126871124488
0 0.95719574145451 0.6882666227628509 0.2767973702752222 0.11398117122781515
0 0.5890577002925722 0.5366726785594458 0.6808978284070252 0.2803839208845833
0 1.0346984869622866 0.7201811373319889 0.16825936664043162 0.06928678426625756
0 1.142603446101502 0.7646148493980764 0.015892638245632362 0.006544356986713407
0 0.8524965779776413 0.645153014899452 