0 0.5835401919043113 0.23284805922017549 0.6482650518052464 0.20271680106303924
0 0.5556820906159536 0.32193506819126183 0.06138617083842174 0.19630592535998115
0 0.6369822637636093 0.06194645017360195 0.45724099646999017 0.1429823061742332
0 0.6023017703230009 0.17285068583148472 0.614119916538288 0.19203938975742096
0 0.5586952421173512 0.3122991380176414 0.0490217635469371 0.15676587165151212
0 0.608487398379291 0.15306973484942676 0.5929986991119338 0.18543463632710416
0 0.5194551880273688 0.43778454194028515 0.18000650336319945 0.5756401275748882
0 0.5184624783861181 0.4409486007266553 0.18217224564579704 0.5825657822320023
0 0.48442220458569357 0.5498160009348524 0.2202619685868651 0.7043724828327697
0 0.3603991847538681 0.9464273767789273 0.10038566170216434 0.32102181882606096
0 0.3151916668632814 1.0909958278083727 