0 0.2225120883977395 0.9152047391963088 0.33815649459903424 0.22599535570534734
0 0.28820057392520665 0.816915118638283 0.49833634392516146 0.3330461234042952
0 0.4646895109044061 0.5528350242677913 0.3371342457892833 0.5044533937085266
0 0.5213175434767766 0.46810259626039197 0.4076786299007675 0.6100088346540257
0 0.6303397370273216 0.30497287504988524 0.35209635258401195 0.5268411684418821
0 0.1236723340366937 1.063098458427687 0.04959209712354001 0.033143188416186575
0 0.1849999533918234 0.9713340294392894 0.23137075141821384 0.15462876204208742
0 0.13683966400784497 1.0433961878381053 0.08893410773736155 0.05943608212556151
0 0.505250000776803 0.49214443284267856 0.3977380979023907 0.5951348336752473
0 0.5719334783853889 0.39236605967508714 0.40151886630370087 0.600791990949205
0 0.539650207479645 0.44067146255780987 