0 0.5137884825408408 -0.1749251714144734 0.06405015586974139 0.0013085221036091
0 0.5117481103697162 -0.07505194057363251 0.2620964483482243 0.005354538930229635
0 0.5086743184931598 0.0754054460108442 0.5358814265842836 0.010947870445082664
0 0.5092774042410919 0.045885325858193715 0.4871632271542531 0.009952574640416822
0 0.5109504808321292 -0.036009201016901304 0.3376341798874404 0.006897748411995086
0 0.488381844881773 1.0686908308117071 0.003988294123750347 0.19522086559153795
0 0.4892767463141883 1.0248867815529352 0.005243748461732256 0.2566734252490511
0 0.4871173102490122 1.1305878569382322 0.0022055620359675565 0.10795887073958921
0 0.5037339982968467 0.31722652417061553 0.004512213686335531 0.22086592268477778
0 0.5006808051744885 0.466675633406425 0.013561196395380282 0.6637997140174507
0 0.5027289098776854 0.3664240570246398 0.008313069664975692 0.40691197924822053
0 0.5011738674178506 0.44254099464784724 0.012657081823533478 0.6195446957481666
0 0.49142363785635745 0.9197574772385236 0.008210318138961448 0.40190047913320903
0 0.4885622518227134 1.0598601884176557 