0 -0.03697478036277735 0.1595135228089795 0.07622406346154709 0.12021152814436098
0 0.04507241778720672 0.21153824069723548 0.17822814784090796 0.2810802394588026
0 0.06759517806367304 0.22581953580381559 0.2052633524635673 0.32371694909873
0 0.18503528521953233 0.3002862888595543 0.32661055670162875 0.5150913287244254
0 0.7534775792257153 0.6607257754994824 0.4711959608949925 0.29877725855837073
0 0.8644826120168702 0.7311121585247697 0.3260031840797608 0.20671301476278398
0 0.7230075020938254 0.6414052235527643 0.5074597944807195 0.32177153199579583
0 -0.07571392946289357 0.13494970921888005 0.027211354824967282 0.04291451410390423
0 0.020168679995799743 0.19574720867938833 0.14771095009497137 0.23295214435175876
0 0.4617434818575738 0.4757422104262905 0.543376301303455 0.3445455716265952
0 0.5623558705939877 0.5395387855950746 