0 -0.08173843141138182 0.34456595309948723 0.05398337122897645 0.20204197414177727
0 0.0024765341140032815 0.3670672561509757 0.09750856783606571 0.36494244547059573
0 0.1506256759495539 0.4066510612846832 0.1609403490713981 0.6023467052018718
0 0.6052687069937083 0.5281266292378642 0.7074009126970807 0.18900966642581396
0 0.722131694652807 0.5593511214861924 0.6169624184096185 0.1648455052966552
0 1.0966453637650377 0.6594170139670552 0.1222505004530039 0.032663975825128144
0 0.15640441266214555 0.4081950755470414 0.1626720319693718 0.6088278237906357
0 0.030341817632913437 0.37452268674206357 0.1112417382236659 0.4163655760801414
0 0.24290142714998264 0.43130611705367805 0.17531041516720236 0.6561291284181954
0 0.6280523886822064 0.5342141759155699 0.6964540302263578 0.18608478102199766
0 0.4103378696822865 0.47604468668004374 