0 0.9364808496743833 0.03695629276279666 0.10291585925756608 0.09702106710081781
0 0.9355353708916252 0.03813071751270347 0.10499309896764175 0.09900681866885291
0 0.2128754696486525 0.804485030794152 0.2770274038528112 0.2937773985724216
0 0.11747223471170037 0.9056566614176071 0.14480022264409032 0.15355532387579207
0 0.026961902986002095 1.001575345218381 0.017128967477836543 0.018209174961547836
0 0.8949955305115671 0.08112173096393044 0.18991325921044622 0.1790851760957582
0 0.8048198700917082 0.17674971059431954 0.3667002322940234 0.34579247361533594
0 0.5761134849688777 0.4192844415409586 0.33021831300056687 0.35018440632618225
0 0.4872447181782913 0.5135265084230808 0.4959164909406574 0.5259012451169522
0 0.3096446192174901 0.7018648978144442 0.40151525094561513 0.42579219336953267
0 0.24912701261033393 0.7660415994317529 0.3254959378782223 0.3451765007571629
0 0.13909500059732244 0.8827265114632235 