0 0.04868264549704959 0.3055323770948497 0.16672559728977582 0.386934104364748
0 -0.0641554039374217 0.25691234124436707 0.0732427991365937 0.1699810445232704
0 0.42694435538845343 0.46852894801566214 0.5227628758077795 0.2252529343662294
0 0.29097838236403617 0.40993495207859376 0.03155847780246002 0.013598222669012006
0 0.3740761951425601 0.4457408345735611 0.36252041402139784 0.1562060099527398
0 0.27299426343009986 0.40218575568581943 0.2665020822565124 0.6184937777133247
0 0.1890217344893229 0.36600292794937783 0.2561690947582362 0.5945131452966449
0 0.26599655268503525 0.3991705200411161 0.26772581249823024 0.6213337913210755
0 0.3937047737824666 0.45419857055695434 0.4282349069892191 0.1845216532808004
0 0.800866573484059 0.629640056544026 0.48090639108857314 0.2072172093135804
0 0.9530667821892171 0.6952214318163265 