0 0.7898667506102702 0.15726596667604487 0.37897283522921665 0.3205156583140423
0 0.7004858304503916 0.26294859438373136 0.5104476502187245 0.43171025616506775
0 0.8772056544183215 0.05399777636030545 0.18677063416923345 0.15796095973020263
0 0.32441189958364464 0.7076126969812484 0.3821438481653886 0.4518410687528511
0 0.24629893631869698 0.7999722756439163 0.28307096093272444 0.3346987950605018
0 0.3213365860692765 0.7112489008656053 0.3785322463041405 0.4475707656909793
0 0.665156636975619 0.3047213065944907 0.5168154205511604 0.43709580040113993
0 0.8364885034880891 0.10214111578919244 0.27966828356275286 0.2365289954396273
0 0.70833265913034 0.2536686688299506 0.5043869599916009 0.42658234226479
0 0.3857753165980788 0.6350575268293814 0.4451036282404698 0.5262837542864338
0 0.3351417676389362 0.6949258643318272 0.39447685197544835 0.46642342471441745
0 0.4369842467953938 0.5745088673098623 