0 0.8305050445331663 1.034504555451846 0.133567254977765 0.08258985092705362
0 0.6824540476885852 0.7950710846458824 0.5437921074913753 0.3362479843798447
0 0.6136079783269508 0.683730877806121 0.04383143331174877 0.07088575852209877
0 0.6917510432850423 0.8101065959226696 0.5273505365855062 0.3260814601053619
0 0.6441639160603898 0.7331470310079435 0.5780130602006726 0.35740805247371843
0 0.33191228744536316 0.22816255133764535 0.28071313270205633 0.45397929830795936
0 0.26879674393039066 0.12608984144535618 0.1972363790127028 0.3189777125248603
0 0.24976189747349403 0.09530600830323693 0.17102760288532837 0.27659194424502564
0 0.20467936639137085 0.022396929808744748 0.10807240829920761 0.1747785563641574
0 0.8222098588140556 1.0210892850088593 0.16018407471295593 0.09904807022973872
0 0.7335475476858797 0.8777014306363575 0.42901608508091293 0.2652774028936896
0 0.6268522241248545 0.7051499448660585 0.5700714504035496 0.35249744493466006
0 0.16356410206076633 -0.044096156279938126 