0 0.9627216583902121 0.6818819636933893 0.1502769544407292 0.3823160908929365
0 0.8825165693342105 0.6503557387303901 0.20382140476634247 0.5185373178205706
0 0.9520489214748339 0.6776868338939368 0.1579300675152694 0.4017861938568841
0 0.8270608872604807 0.6285577971478291 0.23219693335654412 0.5907267915879691
0 1.0097384340044093 0.7003628460317857 0.11541186669530767 0.29361663282352746
0 0.923753757984606 0.6665648562135413 0.17756077737750098 0.4517282240373766
0 0.8794317588901133 0.6491431991521587 0.2056405063320209 0.5231652362095931
0 1.0097384340044093 0.7003628460317857 0.11541186669530767 0.29361663282352746
0 0.35912696072844796 0.44462703485357263 0.6597896529905821 0.2593434660501672
0 0.2584628399806598 0.40505900757035845 0.5640582173808177 0.2217143189972972
0 0.11131379543538356 0.3472190216253721 0.3769104051610615 0.14815209124307183
0 -0.026084386847762042 0.2932120515739004 