0 0.12154947971693442 0.25063570852514516 0.26902815569698707 0.4082936048788083
0 0.19551530517575477 0.29937242487341664 0.34111610174454915 0.5176986866027422
0 -0.004112890417405701 0.16783569580442592 0.11336695327859547 0.1720526311022233
0 0.09132688436816905 0.2307217814150988 0.2338405775431029 0.35489078131863816
0 0.07303426086760062 0.2186686150063865 0.21160450000464692 0.32114394826683434
0 0.2106266028501375 0.30932938842844 0.35198741629494623 0.5341976593442889
0 0.9751628253991149 0.8130888582270035 0.16278046339445518 0.10725744250515501
0 0.8447284665254959 0.7271445412257505 0.3436005452034864 0.22640134419938118
0 -0.04044363135244777 0.14389705921529639 0.06583418899244453 0.09991399702517828
0 0.3786960462475346 0.42007178518883503 0.305288333067426 0.20115709925291558
0 0.4773171468592952 0.48505407365319686 0.5623541938707777 0.3705399982212006
0 0.7763299612625008 0.6820761798714352 