0 1.121434289885825 0.3833840295309924 0.02755288864845351 0.1468264571541293
0 1.017524904827186 0.4028832653740564 0.06564185390154798 0.34979856277008325
0 0.8696178522211967 0.43063893441193213 0.1117646737852519 0.5955822380821966
0 0.8986375903907262 0.4251932018791844 0.10425103897564492 0.5555428653136916
0 0.9791439607965182 0.410085685820594 0.0790248388361161 0.42111508747864806
0 0.974875250923839 0.41088673550928195 0.08047378593553478 0.4288363747790755
0 0.8672213835207452 0.4310886465178622 0.11233230562280538 0.5986070886791426
0 0.4150751404277503 0.5159366727538989 0.7258951738221999 0.1362186984718814
0 0.0694968648579577 0.5807865637793552 0.3707496298505783 0.06957345062821374
0 0.18744805870830428 0.5586522960656065 0.5265761652968965 0.09881525937879698
0 -0.1710862058222956 0.6259333376776615 