0 0.4696856052099563 0.9480035971346428 0.494947789488195 0.03349089781191039
0 0.47566566357469847 0.8596268481665414 0.6234021251295101 0.04218282677861762
0 0.4714860528896636 0.921395543681881 0.538427851864304 0.03643299868966077
0 0.45994519206067275 1.0919531626349106 0.22604361802143025 0.01529535572945262
0 0.4628696247082071 1.0487340852058122 0.31036872899215384 0.021001260349980067
0 0.5098459166137881 0.3544919424436176 0.048113966185821366 0.7110559603469584
0 0.528814879079659 0.07415711024101446 0.02649855066783524 0.3916108535323226
0 0.546917097473679 -0.19336786273220152 0.0011603346773332301 0.017148124743328996
0 0.49622959705488767 0.555721187698334 0.0420597350515125 0.6215830046455771
0 0.5140238589692105 0.292760880503797 0.04463771467078548 0.6596837889141496
0 0.5227499517361388 0.16378823499573059 