0 0.7511781598917263 0.10943712390259741 0.3950666198720246 0.25407460024273204
0 0.7940725804734357 0.042739572339413556 0.2718890875916036 0.1748568665775287
0 0.7545518783644451 0.104191249060549 0.3858512544591006 0.2481480294680667
0 0.7984102185097883 0.03599487611392305 0.25889824917723225 0.1665022197637368
0 0.36812982074586414 0.7050480682841878 0.3373537213193085 0.5245592997314206
0 0.19965994804660525 0.9670058676627206 0.11593089305658433 0.18026369426481104
0 0.12827402558508905 1.0780054746400245 0.015212769247571645 0.023654734595884408
0 0.689716654198089 0.2050050763206393 0.5344571117367762 0.34371918603347
0 0.6294384428653258 0.2987330962817657 0.5627468826401816 0.36191285735798984
0 0.5124884089120184 0.4805814768901052 0.36747245114367405 0.571391626832135
0 0.4614837685535271 0.5598898014725968 0.4002593227990522 0.6223727109259144
0 0.20831794004437632 0.9535433506296496 