0 0.9264027159208688 0.2514613391826866 0.21022067168894154 0.3606628645060665
0 0.9964537109179786 0.2106305005518816 0.13254494761840263 0.2273993328048825
0 0.543908841381821 0.47440666179733004 0.5468755455034101 0.31875902864613526
0 0.48568188039068355 0.5083456412254929 0.6232594073268832 0.3632811252261865
0 0.40010234385292776 0.5582276536957832 0.6302216954632627 0.3673392554974346
0 0.3386825577028648 0.59402758308719 0.5881572084803668 0.34282099990833814
0 0.20837125750805324 0.6699825409372779 0.44144933772359485 0.25730893148643397
0 0.002651207781793008 0.7898912182350191 0.16036088272494176 0.09347004029715333
0 0.7731219013733467 0.34080459839330085 0.33491014248510675 0.5745850318637695
0 0.636868867148199 0.4202228229828886 0.27362046573618587 0.1594860013483158
0 0.10159542929167997 0.7322192959148933 