0 -0.14294003902446983 0.6944602204316458 0.020515996281168625 0.06784024143744105
0 -0.01829020703223605 0.656679896945676 0.09476653142772107 0.31348351735532576
0 0.734054781081684 0.4292448931468232 0.5962313598135509 0.1802416228280328
0 0.826137723155734 0.40140808342350254 0.4852175734947797 0.14668199086127942
0 0.4951861590678121 0.5014552312409815 0.671834504066409 0.20309656527067516
0 0.8733279564169301 0.3871424124736005 0.42325604577289405 0.1279509317963501
0 0.9991855028014687 0.3491019933145727 0.2504340397448236 0.07571011006980177
0 0.2493520602239903 0.5757712502652207 0.19632079764403515 0.649420530532222
0 0.36145620434559933 0.5418820015049391 0.35181339191725003 0.10635370792382892
0 0.7154193817154109 0.43487840196607735 0.6161722883949875 0.18626979506194558
0 0.807502323789461 0.4070415922427567 0.5089484759525535 0.15385587780929322
0 0.5987202076017639 0.4701567350807807 0.7028936538319578 0.21248579222974034
0 0.7053905464400196 0.4379101337181222 0.6264105661985584 0.1893648416003515
0 0.5306700123765655 0.49072842437773745 