0 0.2959170596945231 0.4104244931607244 0.04978697812410443 0.021852359598441673
0 0.21219072521022486 0.37367556727794454 0.267760570805346 0.6100480646554125
0 -0.1333199473571629 0.2220250211861184 0.012432624133302372 0.028325674300155146
0 0.28893986515416514 0.4073620826704928 0.02022504189340235 0.00887711817428416
0 0.41627366551570194 0.46325107411722033 0.4927418075539317 0.216272840279927
0 0.4919064732887499 0.4964479821734658 0.6387759718024244 0.2803697425554273
0 0.6867794978453889 0.5819807288235014 0.6087530497947233 0.2671921665460922
0 0.8341727325104555 0.6466741504296448 0.4353101912128984 0.19106511770082996
0 -0.12724973768020664 0.22469032502666908 0.017760369949988086 0.04046416899948918
0 0.01864334866068884 0.2887243002789187 0.1437080579704379 0.3274149826338185
0 0.15208219424503905 0.3472929009045989 0.24153675617500675 0.5503014510483237
0 -0.05548934333061695 0.25618618882020744 0.08048032421635254 0.1833610747219313
0 0.352676537280337 0.43533720249875885 0.2813853346583007 0.12350485509189846
0 0.9588028700455553 0.7013764589683609 0.2656828671403826 0.11661277187997665
0 0.6139841014743185 0.550029579375418 0.664096251758485 0.2914832481945237
0 0.7058795679616223 0.5903640787783407 