0 0.1081680311319888 0.18348668399170587 0.2505765353481789 0.31020463352331396
0 0.1807789019985367 0.24214016135501587 0.35071875586115386 0.43417705883949
0 0.2615399726562275 0.3073771922999219 0.4214348191875363 0.5217209722306262
0 0.3778655514934519 0.4013424570554287 0.2505522046903807 0.2023906047504116
0 0.6082939268776238 0.5874774743664961 0.5577003751630443 0.4504981957545387
0 0.7389342177942652 0.6930058644647101 0.42730676373965115 0.3451690768991088
0 0.2945853261767406 0.33407051865481013 0.42657372497625323 0.5280827691565988
0 0.4488760194919205 0.4587031638972615 0.4682553209078467 0.37824643248799034
0 0.5455522051051336 0.5367960906697371 0.574993995247977 0.46446760485333427
0 0.574774375925637 0.5604011230897883 0.5728663891067277 0.4627489707791801
0 0.8598831856867302 0.7907057859684381 0.26714401399215326 0.2157931063274336
0 0.9643539284641103 0.875094972787078 