0 -0.05729778982483802 0.6151819326349494 0.05546880307780078 0.26838099216011824
0 0.1775680018388131 0.5666401020783742 0.13266851971582788 0.6419046818280978
0 0.316733832521952 0.5378773283191317 0.1991445542379019 0.041159062622617926
0 0.18801472059213392 0.5644809078592385 0.13428117142042162 0.6497077999625813
0 0.27102922031498766 0.5473235268514886 0.00786171511517264 0.001624853996057607
0 0.10074689991487484 0.5825173715643973 0.11377597541241691 0.5504951454615608
0 0.18749238216691166 0.5645888644138941 0.13420736193222538 0.6493506791564019
0 0.4469826560282275 0.5109575981494802 0.6134941626258404 0.12679656111530813
0 0.5583153541873351 0.48794742179096046 0.7239853962150375 0.14963281509107995
0 0.7513940220820621 0.4480420524808002 0.5966608790946386 0.12331746946886124
0 0.9183557687156667 0.4135345109034153 