0 0.051025857806147434 0.613295703209803 0.11548638636274738 0.45765549604528954
0 0.2929857583631439 0.5522386967901708 0.09108045033326684 0.02298355896121429
0 0.4167362418541269 0.5210110675526489 0.5361982380953421 0.135306136224299
0 0.8665969546759745 0.4074916440139801 0.44412505856047657 0.11207206850896712
0 1.007894148512694 0.37183621660098876 0.25052544045524966 0.06321846467511727
0 0.0806890334011503 0.6058103938731672 0.1280966088486737 0.5076279456889274
0 0.23399187115863668 0.5671254203401179 0.16627631926050163 0.6589285003058728
0 -0.09016051470207243 0.6489231655816862 0.04801767820214342 0.19028696826238
0 0.435317284599191 0.5163222623268361 0.5814937404160545 0.14673616148720292
0 0.6298825970012825 0.4672249718211563 0.6981874212941196 0.17618305250551097
0 0.851525254000058 0.4112948896046993 0.4640000285376087 0.1170873878519254
0 1.0057516028283726 0.3723768740624145 