0 0.2637569859810157 0.4641122533373915 0.10045408572597814 0.6612723893069742
0 0.35509775591023063 0.47798785691788026 0.35679365669641044 0.05420063071713743
0 -0.12797250155046402 0.4046045101468416 0.021571336711917244 0.1420004897256838
0 0.9555994991434925 0.569210255688488 0.3419755462128873 0.05194960713762753
0 1.0611600874529206 0.5852459961167753 0.19473133881675897 0.029581695711708322
0 -0.05997390030911243 0.41493419792573727 0.04194293407885863 0.2761032966695866
0 0.36021794220197284 0.47876566594333 0.3752952245794204 0.05701120940791371
0 0.8458519379340432 0.5525384709591952 0.4895253899591966 0.07436394787258527
0 1.0125253016193116 0.5778578713070974 0.26292429641352816 0.039940908222475535
0 0.6179711473291395 0.5179219300762672 0.7195253916102596 0.1093032783167755
0 1.1368240834890724 0.5967401426878836 