0 0.9943940159656663 0.8283497727453111 0.12513605977748876 0.18841651272742
0 0.8404711133187617 0.7261225036597572 0.3101458472983273 0.4669844894329502
0 1.0308911990675096 0.8525892283016796 0.07711348762573556 0.11610925298851282
0 0.9428219094087138 0.7940983681547906 0.19161705543610874 0.2885164949940604
0 0.5603949038633113 0.5401110294989298 0.48844984509731304 0.3244019758651835
0 0.3888581432846472 0.42618558838399784 0.6000917186811869 0.39854847164856166
0 0.28254026207492955 0.35557500045892454 0.5034168941251183 0.33434228053765935
0 0.09212017632618141 0.2291082758170021 0.2549191670742456 0.1693035268919303
0 0.02071264417040053 0.18168325407628105 0.15497649220738918 0.10292700630238949
0 0.6811212382280176 0.6202909329219084 0.0644725839193443 0.0428192041055972
0 0.31215058540885965 0.37524057614074313 0.5358275263657363 0.35586766997820996
0 0.21138662336681424 0.3083186010177253 