0 0.7354325631543636 0.017236719345723572 0.301831992303245 0.14719652972287767
0 0.6815759866064262 0.1276716448748796 0.4963590560211273 0.24206291051290896
0 0.1982862704043914 1.118675286706644 0.011642893155093592 0.023874192236931657
0 0.6987599919607912 0.09243519886883261 0.43913118863850736 0.21415419408466624
0 0.6599331577053015 0.17205107541310782 0.557002462702137 0.27163730700381983
0 0.6870701923999986 0.11640557030151766 0.478766408082416 0.23348338020714549
0 0.762218903862237 -0.03768967462288608 0.1949296295773052 0.09506270291294383
0 0.7430142331552205 0.0016902213022393364 0.2719285611272215 0.13261331320454617
0 0.2829204221560807 0.9451297975049611 0.1307251874383033 0.26805688858971644
0 0.21987900309609076 1.0743985863026553 0.04216572207200464 0.08646239095350305
0 0.35616535661021437 0.7949382988809239 