0 0.171648185483871 0.0443212365591398 0.0341985887096774 0.03911290322580647
0 0.11557459677419354 0.04516129032258066 0.0254032258064516 0.033064516129032266
0 0.1672379032258064 0.12244623655913973 0.0453377016129032 0.03995295698924733
0 0.10990423387096775 0.11320564516129034 0.028074596774193505 0.03702956989247316
0 0.6723868534482759 0.09256465517241382 0.06077586206896553 0.04820402298850569
0 0.8926185344827587 0.2533045977011495 0.05541487068965516 0.07370689655172408
0 0.9859375 0.215625 0.025 0.06458333333333334
0 0.25199353448275874 0.5705818965517242 0.04051724137931032 0.052083333333333336
0 0.330792025862069 0.5651939655172414 0.04019396551724128 0.05445402298850581
0 0.48367456896551725 0.4942528735632184 0.03973599137931032 0.05014367816091957
0 0.5503502155172415 0.4987428160919541 0.03494073275862064 0.04698275862068968
0 0.8813004032258064 0.44949596774193545 0.04737903225806459 0.04559811827956987