0 0.18248922413793106 0.1554238505747127 0.03009159482758621 0.04091235632183914
0 0.24512392241379305 0.15362787356321841 0.0431034482758621 0.05729166666666673
0 0.20134698275862073 0.5702945402298851 0.05471443965517242 0.07270114942528731
0 0.08046875 0.603125 0.0671875 0.04791666666666667
0 0.11109913793103451 0.2874281609195402 0.04299568965517242 0.05743534482758624
0 0.603125 0.027334770114942585 0.03717672413793105 0.049820402298850534
0 0.8018049568965517 0.0901939655172414 0.03884698275862073 0.05237068965517248
0 0.99140625 0.20625 0.0140625 0.06666666666666667
0 0.4605090725806452 0.8571236559139785 0.03245967741935481 0.04331317204301074
0 0.646875 0.646875 0.05 0.035416666666666666
0 0.73828125 0.6354166666666666 0.0421875 0.0125