0 0.3020743534482759 0.08455459770114944 0.02820581896551726 0.04342672413793102
0 0.3680765086206897 0.0854525862068966 0.03615301724137936 0.04148706896551726
0 0.17545797413793104 0.2156609195402299 0.0390625 0.05298132183908043
0 0.25762392241379317 0.2156609195402299 0.0415409482758621 0.05459770114942527
0 0.3609375 0.459375 0.05 0.05625
0 0.24296875 0.48020833333333335 0.0765625 0.014583333333333334
0 0.45390625 0.016666666666666666 0.0078125 0.03333333333333333
0 0.45625 0.221875 0.0125 0.06458333333333334
0 0.536907327586207 0.2075790229885058 0.0478987068965516 0.06343390804597698
0 0.8307459677419355 0.5895497311827957 0.053981854838709785 0.07130376344086026
0 0.9378528225806452 0.5794690860215054 0.0453377016129032 0.0585685483870968