0 0.00703125 0.35104166666666664 0.0140625 0.06041666666666667
0 0.17559267241379312 0.5233117816091954 0.05641163793103443 0.05880028735632171
0 0.27728987068965516 0.4873922413793103 0.04744073275862064 0.06314655172413784
0 0.23957435344827588 0.1964439655172414 0.03615301724137918 0.044324712643678175
0 0.17896012931034483 0.1928520114942529 0.03054956896551726 0.04224137931034484
0 0.9116109913793103 0.25334051724137935 0.04892241379310338 0.06400862068965515
0 0.6812769396551724 0.16623563218390808 0.05282866379310347 0.05402298850574709
0 0.16387392241379314 0.6736709770114943 0.044100215517241456 0.07327586206896536
0 0.2783674568965518 0.6682830459770116 0.05360991379310356 0.07223419540229893
0 0.97578125 0.9864583333333333 0.0453125 0.022916666666666665
0 0.8703125 0.9833333333333333 0.053125 0.029166666666666667