0 0.15250538793103452 0.3885775862068966 0.0390625 0.056860632183908064
0 0.065625 0.4047413793103448 0.04477370689655173 0.059985632183908066
0 0.44375 0.5072916666666667 0.04375 0.03958333333333333
0 0.3390625 0.25836925287356327 0.03044181034482758 0.039403735632183925
0 0.40304418103448275 0.2583692528735632 0.03693426724137936 0.04536637931034484
0 0.32521551724137937 0.573132183908046 0.02675107758620694 0.03954741379310344
0 0.2605603448275862 0.5892959770114943 0.03370150862068968 0.044755747126436776
0 0.3198275862068966 0.7832614942528735 0.04711745689655178 0.06253591954022977
0 0.41815732758620694 0.7679956896551725 0.0478987068965516 0.06343390804597698
0 0.7316540948275863 0.8432830459770116 0.05786637931034484 0.07043821839080451
0 0.8488415948275863 0.8217313218390804 0.04587823275862064 0.06135057471264365