0 0.03774245689655172 0.08890086206896554 0.03919719827586208 0.051903735632183985
0 0.10172413793103448 0.06106321839080463 0.03122306034482758 0.041343390804597625
0 0.3030980603448276 0.06465517241379312 0.03650323275862073 0.048635057471264294
0 0.36977370689655176 0.049389367816091996 0.03178879310344822 0.042528735632183984
0 0.3872844827586207 0.22270114942528738 0.03178879310344822 0.06178160919540225
0 0.4859375 0.22291666666666668 0.04375 0.0625
0 0.9142780172413794 0.04813218390804603 0.02831357758620694 0.03746408045977011
0 0.8496228448275861 0.06429597701149431 0.03370150862068968 0.044755747126436776
0 0.5681034482758621 0.11368534482758624 0.04377693965517242 0.058333333333333334
0 0.9088900862068966 0.2582614942528736 0.04711745689655178 0.06253591954022977
0 0.99140625 0.24270833333333333 0.0140625 0.06875
0 0.7695581896551724 0.9648706896551725 0.03547952586206904 0.0356681034482758