0 0.12020474137931036 0.16731321839080462 0.03469827586206895 0.0473060344827586
0 0.20708512931034484 0.15204741379310344 0.04488146551724137 0.04536637931034484
0 0.98671875 0.18541666666666667 0.0234375 0.041666666666666664
0 0.17936422413793104 0.33459051724137934 0.02462284482758621 0.04820402298850578
0 0.24199892241379306 0.332794540229885 0.0470096982758621 0.05208333333333339
0 0.19822198275862074 0.7494612068965518 0.05471443965517242 0.07270114942528731
0 0.07699353448275863 0.8024425287356323 0.06726831896551726 0.08685344827586192
0 0.10797413793103453 0.4665948275862069 0.04299568965517242 0.05743534482758624
0 0.8501885775862069 0.8839439655172415 0.07163254310344822 0.06267959770114946
0 0.951885775862069 0.830962643678161 0.03760775862068968 0.09357040229885054
0 0.73203125 0.6104166666666667 0.0265625 0.0625