0 0.016774 0.083148 0.051354 0.072529
0 0.108285 0.049350 0.043373 0.057866
0 0.669291 0.310637 0.043526 0.047716
0 0.736909 0.288549 0.034547 0.046833
0 0.492287 0.285287 0.028671 0.037983
0 0.774440 0.425953 0.039856 0.042996
0 0.867479 0.427962 0.056836 0.033174
0 0.314361 0.478253 0.039573 0.028418
0 0.397126 0.474363 0.042657 0.026443
0 0.659554 0.519016 0.037111 0.051370
0 0.727606 0.519369 0.036741 0.048954
0 0.575790 0.646760 0.043758 0.058274
0 0.660469 0.949264 0.049130 0.066102
0 0.532000 0.982393 0.064605 0.031360
